12491529860
16832134860
1414130080
16916357670
16099462770
6529969660
5107701360
12122204350
4277786930
18968700370
14458349460
2570097190
2667953670
18181502120
11357870960
7708339340
2020195400
1042211170
11847260950
12772786740
15594739500
13695206310
16657288020
3277272080
14705936300
1773128510
21052105250
12299992420
2910796900
691144470
9660711610
15402326760
17523279340
11074841690
10843847950
12147905630
17604811350
15951549310
2795273510
407761800
13445413200
17253622970
2977859000
16113366880
13960288610
14335729960
2346869740
15980484010
15377941140
14194130690
7278434280
9497844160
6414500520
2460885820
12775116250
21120436820
4234014330
12352385020
11945592770
7144811230
13043529490
131467900
1072301510
9091972350
11206309600
11916149460
21239877990
7336284470
6392862290
2560315020
7744046280
19838275490
19813937990
10721905280
14476805890
12299390130
3582798760
16823675630
6805037660
18960739900
9542969840
14083471940
6983747590
15957470360
16544357760
19758863840
15603070710
20778372090
10636412380
6073827000
6448346840
2205105390
6205294900
7520648350
11297077750
17411604500
19436797810
11062119260
3273052500
4354823620
13622434280
11017098780
2718262640
11961535790
264167580
17195068530
2786089440
3846966340
12543907690
9591127110
1332869770
612041050
2199762570
8316617360
16569511420
18744120340
6600644720
10697745650
18047655950
17237057100
16771572650
3021166320
19442162490
1502031070
10541814670
9264403760
18913635580
8503776010
20326523020
711851600
12858599630
12474120820
11728950380
15576862270
2960820140
11993117960
11297094330
5746909580
15840084300
2366165540
15338036690
17172954070
2978206590
17537799270
4014734950
19547718010
14807083130
10615379670
8770627180
11379902600
6377600290
4067363350
14401068920
4344926310
5569394430
3468047120
13609330070
3008193530
11971823130
12461016620
3720045130
3355586280
3460300960
15448995510
18932448560
6421121100
5967276990
8754706410
12168030690
332524810
11120871950
6031230900
17505478890
14099078540
2094193690
45377360
12171960080
16901276820
10660757040
20942587260
6806342950
17038357330
3535114140
21207411870
21383283640
9104508570
3200622510
13517777240
12112702100
15172445640
4503957380
15832747230
18528031930
7964258340
9806906260
15985644010
14385379450
15774183250
3265513940
5078573660
16106708060
14386385890
11109804560
12137350470
7010627950
13203998260
12182727840
19182588030
8630438600
1368648400
18650338820
15436781550
18407005730
710616480
15169356950
18315452900
9815125050
18369979460
10358393660
452990670
12067588630
14862351040
16285737900
9120784080
1351772900
4617807680
3631591610
15737152350
20391990930
6897105550
20815726010
15023862510
21283491440
10450694100
5686376510
6819282910
2179855880
17869104350
4527034470
10810294480
19237752750
1702536810
4772239560
16169922000
2413153290
19941596510
13010538420
12228278340
16836739490
1894095600
12681269010
7429491640
16756446640
7492170430
16550275720
18108219550
12109978110
20181867330
12370535420
11027132560
5604136400
11711424960
4576158590
5412791360
687282580
10262535100
12232074280
2867138460
6656802970
16759108750
13677432940
4419719240
18461645560
18449672500
20589641250
20874798850
16916432530
12125343190
11628240710
12278335550
14019438800
2834673240
19707827190
9301048960
10326843670
14783266440
5934432030
961985300
13490297290
18304967460
11989117860
19094433700
8541555940
16565276450
3032388580
9228838520
5352975080
15264462860
12095976980
12009778050
10548735130
4298573440
16429497300
7535544210
1273409470
15544302070
6935506580
18189842000
6194808780
18563747290
8993341070
20214247580
21398420530
7226331790
8040460070
10250427720
534761750
13974892100
11212413020
14025059040
10805023080
1726694400
11644656260
19346579020
18291970860
14677044850
7100581060
2170109460
8466671230
19196558040
14179887510
19015406370
2020295010
9134548330
5076114100
3293704480
3204013920
12011620690
8710000
9398822710
9100531500
9002051080
8138233810
9024115560
16228382870
16178693880
19274543280
16763144620
8678749510
9012119830
9313367180
19483772590
10738814230
20958023450
17355515140
7555948610
14160231820
2981259720
9726058070
1152066570
702981290
2431109110
20167472940
2723276300
11565657440
3768750570
6016980780
14769671370
15780371260
6025690780
2693657600
3406066280
15027741860
10831891410
12430181840
9781288250
5535748820
10229888650
5069596390
14214498330
19242008480
14382963580
12223434440
8505986230
13866150550
8104113100
16061934850
6551545890
11085372830
4313156440
7703612460
11788354120
6744265550
6396248930
14511630420
18309923000
10164999500
20528611200
11604757890
4470534280
5079465500
14298415490
7876600560
20107207370
3655470420
20306782410
8413659140
9191219240
9061834580
13483255540
1930881090
6829006580
6391382640
14154315540
15334992810
20257533190
783592160
9922091180
5334242600
11868964990
14235247630
13037855060
2182482630
20979513180
19434103990
16694113050
17814599700
8124267010
15747887770
7944521110
12594801290
20827353280
768100120
20471401860
19459724170
4423570550
19303347790
6398546830
13614789790
6890345890
19881802370
15545670890
13719352470
4798348530
8225149950
7579508800
3581045240
9008742110
17501599990
8915287840
20877707110
10262011140
478306430
1585353260
9766687840
19912410420
18279466320
6106451070
6561840960
12552517610
14050972180
19156642250
11905034410
14819072310
18153207630
9889922100
19242642860
15981718940
16288468940
11382596170
1397228350
14695434830
5453430580
15116580820
19493783370
13678580530
1221253150
1599992130
1212486170
18722853140
10515279980
615356800
7510027800
10993586410
2200710060
17276715640
9431160350
20480176380
1908330230
15993001310
11557857520
15959302420
13674807090
1988055450
9303538250
10353178240
11877977560
7071344630
4860060710
6691610020
18453940800
6257289060
21387044850
2432534910
21373869890
19405991740
16111115440
1120286560
21005983880
17323601610
19843139700
10046427380
17938958410
5878331020
21040013790
20139668480
1680210180
8996337660
19145008380
3588540420
3514502500
9228029420
19547842840
17189309590
11216084880
7376544610
6067651350
1619225960
14447889240
10927712060
8310835980
11426993560
17185001130
8223044350
13859528470
17084034540
6154199620
8495807440
18204321100
5685347020
4344572570
16572624320
15731774400
808694510
976118860
15296951710
20948362990
2656329040
2818452890
18618534890
6244869460
6332955390
6371727840
4317875820
2047428500
17587812720
11694420430
8115079860
19207038680
4667473190
19042791920
6043038180
16094466760
14752956570
14266082530
8479158750
10362154630
20420282150
16974966190
7091639250
4630792690
21319538770
2189427090
20362567090
653396800
3165545950
14184682320
126923310
5821875000
17003135220
18745458200
12066744460
1861254130
3642349560
16384620290
3908682640
21230162280
6604204240
12023762500
18962364480
11271677440
9591717940
3530566180
5891307720
2869838040
17796648720
14370466470
13231992670
16742094390
9870596190
20323631930
21372887090
9715298480
1038222540
20260617700
10368695280
4203768500
12970463550
10495618590
10025643500
8498762290
7766240310
617551480
10360016420
11408589880
17002171770
14268699060
11163915680
2131539540
4817625080
8651443690
13403216980
14409343030
12182009870
19294524700
17279181070
8503822110
12190154690
9036337260
3771080030
585914400
7885132710
3669130640
10301212880
8923355260
2454911860
20669908160
13127123760
15425375410
9690690270
1677930780
2449301220
17456930590
2295482260
12809317650
7390683990
19297654040
5603180230
18554599670
21429193580
10420805320
5731206880
13357574080
3355311870
17913216760
11177262300
20634492940
4942202390
1892580510
8195993720
8713282420
2478494920
16081126440
12382413060
12779707800
3529645220
14837324930
11974779490
16656768980
8787863860
190633280
18334699760
11237165090
17647563870
20630182020
2571646260
3563411380
18452999580
8174826490
643174580
18407356680
18595631810
6374381460
10290094280
476107200
2812761740
21467356580
21110600140
7754964140
1885100620
7831757390
16468246560
4363595540
2438047350
7375823150
17143303340
5967692570
738311600
7643246350
1149625070
9526175460
7833879640
19484324830
20763340550
4006607030
18639670370
1860150330
7570018420
15617833480
10034976830
8213193000
12550353680
7155772160
14587574460
1365611490
7631879370
17400336210
1358131590
7267643030
3680463870
3243232210
15099400420
20148710430
7606827750
17537447770
6049697100
3275294620
2030303860
6788008700
10918540970
3179928930
16314184170
18752420610
1189417280
15602688240
1284191170
19829087660
17462838580
8854209590
13972084660
6022978930
17067402590
5047601860
13178751090
10180140570
6413213350
20810630460
6105640300
7771344950
6603437020
9786104170
11014577160
228000960
8459978130
18621404920
17765448740
14509675230
421863060
19795752600
21297683940
11340404030
1500845060
16137031630
8617988170
2690262340
10264883390
9902179340
1044513520
6252885490
18756388930
15016598180
12275864420
14348955040
20064200050
3979779040
3054259130
5002576920
3315573020
9159899440
12773921870
9919010040
18946003610
2313662560
10147011010
5931145260
20935067480
6437623270
20440820500
21356930540
4758539390
20263667960
11222498090
6259384450
14925863110
19840486260
8949646800
3715910020
8267829120
9994160320
9968795520
5549381570
3535922030
769823460
19898336610
2125285600
4749602500
1477759270
7127862520
8065175530
10637658710
19901784400
17984185570
8108825840
740610480
6656360100
14039971110
200841480
13093983370
13005955130
82935540
17852522770
11794786610
11305433630
2637070740
5245813240
9671083420
11586717540
8961723260
17938912540
106041390
18930518780
2013457640
3641963420
19700342250
436957770
5767249020
2975108270
1914717040
12895111540
11040283800
12552375750
11322059460
7549632900
20661201600
12062669940
14205993000
13226336230
12263511420
5825139900
4757454880
12346446960
2202826190
16552241490
2177044120
4839896930
323218250
11848127540
16426614480
9284941510
8312203600
16532655870
6740623820
10325661240
20174619290
4966129590
10762619020
4467031830
7941237860
12677336060
17362143370
18981521670
3754875340
7209366360
5056318090
2941240460
19272036300
19262311090
16167576690
10060711250
3612614510
20925031570
932321730
5815440700
16002436580
3109365850
10655337640
16325654830
14957493390
5607115640
4135759860
1794860520
664935030
10876383680
12120521760
20839554320
15842513270
1408304300
3831749670
2308914660
14085640370
21193893040
21290436330
17840515710
6928422920
4871917940
20781756170
4725622750
2659392550
15474496380
14786334000
6272007070
14924691470
15718655730
12087447770
9452291570
18828021590
1267948930
4303109920
12310678500
6875064570
8438869780
14105539020
7539999600
19315253470
4751224310
6904717440
13682930260
6159528610
10736467110
15991844920
20245168980
10455523680
15807444770
16610848210
17383946600
20679362710
15917767900
634732870
1863918790
9917427800
15421066870
8135925860
3367282790
9664886130
20223373630
12819574360
7018071240
16486090
17122684280
19328749740
6891550660
4086717590
11959452290
14431550270
1927134580
16710676600
21336267710
15610064840
1395368730
10597898350
10127073290
165701240
21053422030
4459681580
16776549450
16962532150
3664207820
11219480880
17597265030
5528126610
21136908680
11543495420
13664052470
3029355000
21208381550
12412589620
15848929360
6751616310
12429075710
11496777170
4605529580
19320626380
15583494760
16564981870
12277340170
17510629340
11800821990
12138771400
11645857700
13196190720
1261833270
298094510
13361891960
840418820
4757776100
8663604940
17802950980
8421983920
19883085820
13925379530
